Loading pretrained embeddings from ../embeddings/GoogleWord2Vec.clean.normed.pkl
54722 embeddings loaded; each embedding is length 300
words done
Starting evaluation.
Step:  0
[ 1612 54455    68  7540  4444 14357  3791    31 53921  4477 59055  1388
 13524  6440     5 57625    68    81  5075   311  6239   556 17242  5230
  2977 51903  3655  1582 53676 55402 56066  1139 12201 36824  2107  4446
  7826 54749  8093   341  1970  4512  5755  1213   143  5571    58  8126
 26987  2738 18568  6077  2500  1264 53238 22573   634 26342  3703 15884
 16162  6744  1252  4637     6 97987   848 10076    28  2726 73028   402
 11210 23140  1010  3698  6200 28825 30646 52562  7619  2167  9917 13222
  2742  2078 46846  7291 40438    26   545  8749  7281    16   153 13609
  4393   214   513  6007    74  5848  1899 13242  2296 42557  7657 22471
    41   195  5201  2534   526  5672   229   156 25160 25388    50 33943
 32416 13199 55555   491  5931 99253 53745 59513 12727 12186 19995    78
  3418 35122  1884   851  3174  3640 17160  3038 53032   316 14784 10691
 21383  1828 20848 53224  1693    81  1133     5   114 28942 11887    57
  1196 16249 33341   375  7905 11779  1823 45495  5538  9416 51852  3515
  8614  5247  2118   830 95611  2254 36266  4171  5945 53568  1304 57528
 53254  3717 51426   422   662  5026 13662 15712   650 51746 22636  4791
     6  3605  7942   797  2525   158   401   382]
Final median:  5392.5
