Loading pretrained embeddings from ../embeddings/GoogleWord2Vec.clean.normed.pkl
54722 embeddings loaded; each embedding is length 300
words done
Starting evaluation.
Step:  0
[ 1187 54434   852 16651  1229 16594  1463  1286 55006  4703 57339 21091
  1617 22244  1774 57111  8465   114  6832  4961 20621  1868  8703  5273
 10960 55388  1479  2581 57116 53979 58785   959 13358 44567  1314  1786
  4458 55821   531  1505  3042  5361  3395  1952    70  7057    92 21645
 98854  1550  7207 15861   774  3933 55705 19436  2520  1550  9115 16680
 22234  1974  4820  3301  8764  2969  2758 11559 13844  6201 73302    90
 14029 13566  3433  7605  6313 24972  6816 54682  8816  2894 48570 18911
   612 37520 50455 10979  2409  6236  1724 24879  4875   114   400 13173
 14199    96 21368  4286   738  9452  6967  8880  7814 44160 21983 21384
    83   332  8255  2126 35572   885    14  1359   718 38705   284 46168
 22882 17640 56120   321 24998  7447 55260 54875 33944  4147 25155  5725
 13911 24727 13111    32  1610  8231  5361  8523 55977   916 16160 18097
  1335  1122  6799 55768 11539   836   391   157   210 12143 27517  3511
 15272 10493 18131  1185 12091  6924  1312 27861 12328 11504 52153 12088
  9695 26293 18086  7462 33809 18190 25050  9777  5657 56996  5612 58617
 53533  6136 53138  1078  1339  4330 11049  4729  6423 51672 10684  2358
   264  4583 13860  2585  3499   436  1516   904]
Final median:  7533.5
