Loading pretrained embeddings from ../embeddings/GoogleWord2Vec.clean.normed.pkl
54722 embeddings loaded; each embedding is length 300
words done
Starting evaluation.
Step:  0
[ 1391 55503   172 17463  4288 11936  9296    24 54931  4659 58242  8907
 40704  6616    25 57811  3349    53  3973   518 10061  1625  8597  4719
  2587 54336  6583   988 56063 56122 58502   621 12317 39451  8644  6391
  3981 55289  7556    40  6577  4795  6994  2128   367  6224    39  8560
 33879  2581 13328  5863  1450  1627 54394 27152   124  9240  2212 16756
 21725 11847  4764  1559  2835 48247  4233 18318   995  3911 73237   474
 10645 29584  1545  4567  4420 26092 24283 52244  7142  4042 25217 14841
  5054  2740 43660  9452 29924    29   278 22856 11267    37   202 19577
  8837   141  1100   932   246 13310  3021  7408  6074 51954  8760 20883
   141   340  3180   772  1399  1182   164   726  6723 41244    50 42979
 24895 14911 54713   166  9399 26556 51018 54897 12061 11937 20206   122
  1797 33499  6272   422  3606  6805 29770  2384 54361   340 10144 15915
  4639  1310  6600 52993 10017   133  5597     2   140 30011 17577   190
   237 12519 22394   739   404 18306 12174 35558  3425 13621 55844  2371
  9693 13148  2921 15472 42448 16966 29738  5853  2323 52305  2627 58228
 52639  7754 53889   538  7039  8071  9646 12441  1176 50815 18079  2272
    12 10276  7411   638  2737   245   404   499]
Final median:  6899.5
