Loading pretrained embeddings from ../embeddings/GoogleWord2Vec.clean.normed.pkl
54722 embeddings loaded; each embedding is length 300
words done
Starting evaluation.
Step:  0
[ 1126 54176    92  3937  4174 11350  1665    21 56223  4778 56344  1068
 12477  7397     7 57384    98    71  3293   353  6574   475 15046  3779
  2118 50766  4613  2236 56428 56091 58616   814 27403 35004  2492  2387
 10333 54059 14257    61  2576  2513  5910   993   147  5202    37  3102
 22909  2778 15637  9157  1928  1163 57680 20677  3659 25015  7121 16867
 18935  7334  2200  4321     5 98665  1152 10020    80  2446 72894   421
 11508 20109   745  3053  4935 24882 26996 53043  8361  2079  8955 11583
  2182  4174 47469  5623 42296    26   407  5040  5898    20   107 12164
  3846    46  1163  3959    64  5629  2326 12192  1468 36215  7619 21943
    53   202  6510  1729   934  4378   193   217 15923 26271    57 35259
 35654 11644 55630  1779  6591 51035 54502 57482 12514 12299 17555   196
  1649 34871  4956   826  3423  3630  9708  3218 53923   284 16309 11651
 12056  1734 15229 52973  4067   107   970    11   117 30092 11510    94
  1115 16417 27080   330 10813 12162  1073 43319  5552  9562 53893  6973
  6336  6213  2512 12208 94960  2947 36191  5724  5395 55375  1986 55432
 53173  2633 51525   382   533  6624 15698 18062   610 51699 22889  3708
     7  3404  5657  2841  2453   135   273   404]
Final median:  5298.5
