Loading pretrained embeddings from ../embeddings/GoogleWord2Vec.clean.normed.pkl
54722 embeddings loaded; each embedding is length 300
words done
Starting evaluation.
Step:  0
[ 2224 53916   103  9342  3641 14592   935    24 58517  4206 56691  1586
 18362 18196     8 59454   246    59  4118   386  6536   532 16428  3320
  2365 52839  7085  2062 57960 55570 54746   618 24195 35518  2171  2095
 10102 54434 14907   149  4249  2872  5931   891   206  4965    35  5629
 21800  2971 18423 16093  1815  1679 57703 22429   172 22090  6112 18411
 19697  5988  2926  4864     9 99118   940 11126    91  2868 72359   366
 10767 26783   962  3976  5220 22658 26733 52707  4980  2579 11325  9926
  4115  2904 48237  6005 43520    26   356  6535  5951    12   160 16311
  6460   220  1499  3839    56  5623  2795 10004  2100 47979  7428 22190
    70   274  5915   655  4202  7637   101   245 15172 27328    44 39034
 34296  9442 55206   128  5838 97848 56085 53786 16113 13219 14976    13
  2131 36402  5043   643  4041  3836  8798  2887 55387   302 16684 10702
 11766  1804 15077 52991  8069    89  7356    10   129 30042 13301   102
   669 14169 35812   268 12104 10422  3591 42344  7457 10107 58116  6126
  6544  6375  2610 11564 94953  3746 36558  5789  7844 55123  2310 54268
 52519  2874 54271   193   832  4820 15237 16601  1095 52607 23187  2232
     6  3844 11561  2034  2585   157   288   450]
Final median:  5941.0
