Loading pretrained embeddings from ../embeddings/GoogleWord2Vec.clean.normed.pkl
54722 embeddings loaded; each embedding is length 300
words done
Starting evaluation.
Step:  0
[  164 53574   443 14719  1506 17885   576   670 56284  6269 55667 19097
  2429 19082   757 59736  5040    75  7819  3092 14240  1328  6707  4940
 11665 58961  2057  1681 57138 53861 54698   928  6135 42076  1844  1646
  4470 56284    49   655  4332  4716  4600  1430    64  7298   171 27188
 48743  1208  9482 12054   819  3051 54529 17175  3597  1663  6375 21794
 22159  1427  4972  5031  4846  9292  5568 19227 10127  5332 73269    94
 16613 35040  3211  9421  5714 25952  9458 55344  7602  2571 48683 16849
  4201 28882 48675  9074  3734   808   964 30051  6158    58   511 16117
 10335    70 17601  2210   585 12440  7086 10270 11224 40386 20990 20592
    68   262  5130  1967 26973   727    17  2414   366 37889   161 47268
 24324 19818 55064   209 24857  6082 55260 55498 32931  5869 23865  3793
 12071 27894  8878    20  1428  9256  3891  6458 54494  1054 11282 15435
  1584  1623  5823 54792 12478   776   720   159   146 13185 28463  1052
 11865 15599 15798   801  9099  5476  2242 42229 14316 13000 54704 10906
 10514 32271 19937  9730 35374 12295 27228  3675  4718 58359  3872 54757
 53859  5661 53912  1151   643  1614 11190  5319  3412 51271 12280  2346
   101  5617 11983  1366  3771   749  1074   564]
Final median:  6582.5
