Loading pretrained embeddings from ../embeddings/GoogleWord2Vec.clean.normed.pkl
54722 embeddings loaded; each embedding is length 300
words done
Starting evaluation.
Step:  0
[ 1688 55300   648 17030  1155 16252  4806  2034 55452  4558 55258 20083
  1142 20995  2106 59207 12570   111  6965  4400 25498  2843  9262  6455
 10095 58223  1500  6890 55697 58765 54543   993 10309 45295  1206  1921
  4473 54362  1692  1754  2169  6193  3588  2515    85  7518   154 25292
 99253  1682  6195 15799   685  3397 54377 20439  2080  1559 10345 13960
 22324  3690  4945  2207  8945   794  2636 10169 16272  5917 73306   100
 15274 14253  3210  7404  4305 24101  6534 56003  9061  3067 48190 18437
   326 40209 50966 11024  2178  8334  2371 14547  4661   172   519 13314
 14292   263 21364  4349   861 12250  7922  7616  5629 41038 18894 21464
   104   337  8917  2114 37035   970    33   987   771 40289   334 45108
 25613 14299 54314   407 17524  6619 54739 54732 35113  3976 26595  8056
 16792 25600 13434    35  1594  6924  5222  9448 56177   862 18214 18549
  1345   917  7076 55804 11273  1106   446   312   265 12385 29174  5521
 13854 10044 18294  1324 12259  7602  1614 28903  9941 13615 55719 11693
 10544 22721 16413  8071 31580 19608 24986 14517  6744 56842  8189 54600
 54324  6702 53802  1137  1138  5115  9490  4804  5820 51926  9216  2361
   404  6277 14097  1810  2573   379  1605  1132]
Final median:  7989.0
