Loading pretrained embeddings from ../embeddings/GoogleWord2Vec.clean.normed.pkl
54722 embeddings loaded; each embedding is length 300
words done
Starting evaluation.
Step:  0
[  160 55255    62 10122  2991 14135  4150   517 59819  6060 59436 17427
 25684 13419   104 56729  7939    66  7510   591  8563  1435  4506  2734
  5584 58116  3398  1075 58936 55627 54784   466  8242 39859  2848  2754
  4406 54687   696   131  2402  4380  3488  1809    69  7613    36 32772
 41876  1479  8507  9076  1155  1038 57259 14337   660  3675  4418 25181
 24651  4650  5866  3279  7588 14166  5686 19904  5622  3820 73014   220
 15333 42792  1263  6500  3405 23269 18988 54252 10335  2140 38864 13664
  4182 21992 46495  8373 12520   243   648 31752  9040    18   403 15810
 12279   191 14520  2059   471 13775  2954  7142 14267 37409 15574 20998
   109   246  3457  1009 11154   820    19  1946   289 44847    53 45416
 31265 23494 56012   103  8614  6101 53280 53082 20591  8090 28196  6727
  6344 37660  6357   166   882  7800  3810  2216 53609   850 10347 16820
  1611  1437  5538 58940 11439   366  1073   232   177 15156 26958  1848
  8797 19893 12449   777  8086  4799  1554 36624 14094 10659 57168  2937
 13509 20092  8575 10989 35899 12855 30025  2951  4711 54865  3531 55761
 52670  4640 52948   899  1097  1515 14273 12021  1990 48376  6788  1113
    42  5179  9626   606  2833   637  1112   487]
Final median:  6757.5
