Loading pretrained embeddings from ../embeddings/GoogleWord2Vec.clean.normed.pkl
54722 embeddings loaded; each embedding is length 300
words done
Starting evaluation.
Step:  0
[  467 55417    74 12664  4353 12291  6577    81 58047  4155 54692 10935
 41099  4141    74 57454  4615    68  4464   701  7378  1499  6086  3431
  3135 59076  4150   915 55009 51402 58975   447 24448 40233  4379  3342
  4333 55815  5828    40  4723  3852  6532  1887    80  9225    18 23165
 38812  1306 11998  5116  1859   749 54402 23834   133  7491  2598 17041
 23507 10817  6580  1241  6413 18528  4491 20642  2507  3208 73134   186
 12685 41154   567  7521  3553 21636 17605 53453 11118  1683 27478 11767
  4406  5956 44714 10020 13378    75   548 22634  7840    33   206 15024
  9637   162  1988  1990   366 10701  2716  5849 11648 49471 14911 21948
   139   312  2710   672  5538  1012    26  1170  2978 44737    36 42848
 32249 15823 55181    96  5539  4475 52647 54033 13782  6578 24091   430
  7134 32970  8118   299  1240  5641 16865  2142 53637   546  8650 16831
  1840  1669  5672 53855 11194   271  1222   114   178 20264 22100  1662
  3113 16508 14519  1318  6983 17185  2886 37151  7453 10524 53730  1332
 11164 16817  2376 12015 42976 14603 31620  1143  3782 53921  3240 53927
 53651  3492 52194   841  1368  5611 14438 19800  1084 46236  8343  1286
    38  5948 10142  1105  2938   372   386   554]
Final median:  5952.0
