Loading pretrained embeddings from ../embeddings/GoogleWord2Vec.clean.normed.pkl
54722 embeddings loaded; each embedding is length 300
words done
Starting evaluation.
Step:  0
[  294 54244   123 12597  1826 21236  1198   762 55021  6209 58326 19887
  4075 17992   401 59340  8071    61  9347  1579 11892  1520  5448  5150
  8034 54041  2990  1483 58471 58468 55719   804  7530 41366  2024  1957
  4412 55938    61   650  3496  4315  4328  1622    56  7291    93 33232
 47822  1500  8309 12428   879  2033 57699 18572  1420  2250  5938 26535
 21704  2013  4806  5110  5791 11238  5144 17861  9836  4671 73225   246
 16966 34749  1685  7985  4645 24252 12839 53833  9071  2385 47000 14428
  3917 31668 48890  9501  6073   495   764 30586  8308    45   566 16404
 11583   202 17218  2898   489 12805  5519  9669 12042 42100 19843 21261
    90   285  5036  1278 22205   808    13  2575   769 40465   131 47347
 25880 19100 56077   183 27815  3919 55645 55984 28873  7209 25629  5252
 12701 29331  8860   121  1320 10523  2420  4666 55605  1137 10672 16250
  2591  1393  5620 55241 12057   719   733   185   159 13587 28870  1376
 10826 17432 15654   638  8461  5264  2540 44456 14778 11392 54266  6198
 11152 30119 18665  9135 32526 13836 28574  1993  4702 53395  4189 58174
 53153  4740 52503  1173   427  1341 12943  6383  2602 50742 11067  2007
    67  3967  8251  1472  4185   895  1037   527]
Final median:  7250.0
