Loading pretrained embeddings from ../embeddings/GoogleWord2Vec.clean.normed.pkl
54722 embeddings loaded; each embedding is length 300
words done
Starting evaluation.
Step:  0
[ 1245 53939    60 17261  1523 13303  1970    23 54176  4110 59649 10621
 25805  7446    13 57890  5171    61  2685   545  7204  1523 17399  4416
  3187 55220  7077  1504 57503 56929 58397   397 20141 39035  7232  2832
  3998 55846 13843    98  6240  4439  8166  1926   206  7380    30  8041
 37419  3013 13431  9010   791   609 52802 22630  2849  8573  4026 18160
 23576 10645  3621  2257  2646 51903  1797 13258   351  3525 73234   566
 12569 32757  1032  6084  3690 27274 21706 53792  5697  2836 24803 14071
  6122  1828 46259  7195 40978    41   213 14556  8029    36   158 18503
  7088    32  1479   952   188  8955  2950  7050  3036 52338  6189 21395
   472   253  4036   584  2335  1688  8087  1255  4898 39175    29 44047
 29998 18818 55092   187  9260 24182 54447 55179 12342 11677 17651   818
  4109 33879  5413   516  3896  5947  3663  2542 55264   252 13587 15258
  1462  1388  6467 52935 11567   137 11513     9   122 31176 16020   191
   261 10893 21745   632  6507 16888  7267 37236  3620 13301 55285  7335
  4971 12832  3506 21449 46787 11142 34086  6869  5119 57983  2340 55342
 53334  3277 53983   373   620  7754  7608 16517  1435 50934 21280   714
     9  7142  6150   910  3414   234   180   532]
Final median:  6688.0
