Loading pretrained embeddings from ../embeddings/GoogleWord2Vec.clean.normed.pkl
54722 embeddings loaded; each embedding is length 300
words done
Starting evaluation.
Step:  0
[  552 54698   656 15075  1272 15834   971   859 57145  4813 56184 22952
  2368 22142  1397 53503  6755   110  7469  4892 16651  1639  6996  4708
 10066 55441  1456  2086 57542 54004 59232   945  5689 44237  1387  1974
  4427 55825   198  1033  3382  4828  3742  1810    82  7131   105 25171
 51619  1380  8828 16162   778  3709 57254 17784  4142  1689  8331 18839
 22029  1485  4652  4106  7637  4768  3749 14708 13834  5966 73292    88
 14151 17777  3889  8172  5942 24728  7376 53909  8057  2679 48247 18424
  1992 34709 49475 10565  2891  3789  1433 33763  5782   115   454 14669
 13199    66 19845  2836   669  9850  6654  9134  8861 46576 24310 21388
    79   311  6462  1888 32590   844    16  1536   526 37337   217 46377
 23125 20785 54034   261 30121  7731 56221 55597 33915  4448 25042  5058
  9964 24394 11151    63  1547  8948  4546  7864 56067   869 15572 17748
  1237  1424  6435 55792 12059   879   544    79   186 13156 29517  1957
 13344 12153 15891   962 11218  5963  2876 33019 14063 11887 57397 10115
 10252 28768 18726  7988 39033 16092 25444  8971  5239 57505  4676 57431
 54251  5311 54663  1051  1330  2794 12477  5205  6756 51669 11697  2375
   191  5498 13739  2215  3766   570  1542   642]
Final median:  7422.5
