Loading pretrained embeddings from ../embeddings/GoogleWord2Vec.clean.normed.pkl
54722 embeddings loaded; each embedding is length 300
words done
Starting evaluation.
Step:  0
[  192 54299   254 10986  1756 18413   521   711 54162  8347 58521 20039
  2578 17579   565 58331  5778    61  8627  1831 13449  1550  6672  5483
  8513 56599  2377  1634 55785 58397 59410   861  9509 42069  1858  1868
  4478 55249   186   592  4032  4211  4555  1532    54  7399   111 31506
 46278  1356  8239 13916   936  2296 54113 17839  1653  2057  5807 24708
 19440  1454  5348  4807  5371 12481  7184 17982  8520  5057 73248   169
 16725 33163  2248  9306  5391 24721 11293 58235  7640  2515 47169 15848
  3481 32875 49283  8763  5073   622   792 32043  7465    53   529 16451
 11782   158 20257  2801   526 10091  6249  9898 12142 44308 20068 20875
    85   241  5557  1330 23780   807    21  2699   416 39040   140 47315
 25717 17411 55003   181 25107  4109 55588 55326 30229  5600 24886  4106
 11863 29470  7789    35  1564  9646  2733  4967 53934  1074 10053 15030
  2252  1515  5625 54315 11660   822  1470    62   150 12675 28769  1272
 11011 17848 15000   829  9445  5263  1368 44235 14725 12021 57271  9088
 11841 31968 21519  8889 35430 12392 26646  2270  5043 52742  4280 54485
 53789  5070 54194  1343   729  1418 11187  4959  3541 51079 12099  2269
    90  4579 11927  1730  3967   736  1036   556]
Final median:  7432.0
