Loading pretrained embeddings from ../embeddings/GoogleWord2Vec.clean.normed.pkl
54722 embeddings loaded; each embedding is length 300
words done
Starting evaluation.
Step:  0
[ 4407 53479   103 14885  2116 13930  2052    17 53812  4304 56775  2448
 20210 15971     9 57901  3166    47  2368   468  7472  1466 16520  3564
  2850 54162  6735  1501 58499 56074 59279   473 23942 38728  5498  2054
  4348 54460 13596   163  6917  3528  8740  1408   132  6286    27  4977
 31540  3103 18809 14468  1109  2094 57971 19515  5502  7868  6172 17664
 27359  9368  2295  1954  4793 99688  2382 11817   206  3114 72929   580
 10430 28184   769  6504  3436 23870 17323 52430  4061  3200 14501 11280
  5404  2695 48687  7358 44085    32   240  3776 10936    20   124 10798
  6338    36  2212  3513   123  7747  2865  7211  2670 52272  6966 21112
   106   214  4242   409  1026  2608  5056   868  5843 35658    31 43499
 30858 17296 56038   142  7705 26454 56017 54062 13434 12814 17896   141
  3029 31922 12324   377  3989  7454  3585  2541 55294   296 15940 13444
  4742  1475  7133 53106 11764    87 11584    19   119 30564 13135   380
   352 15192 33931   566  6500 14708  3596 38697  2722 12390 54212  7841
  7915  9404  2913 17455 44860  9927 36514  6312  6235 57541  2403 54729
 51922  2890 52150   437   753  6408  8542 17091  1682 51806 25198  2274
    10  2781  8635   559  3751   233   276   493]
Final median:  6325.0
