Loading pretrained embeddings from ../embeddings/GoogleWord2Vec.clean.normed.pkl
54722 embeddings loaded; each embedding is length 300
words done
Starting evaluation.
Step:  0
[ 3423 55244    61 10685  3394 15964  2975    15 54521  4401 57789  2287
 11781  7018     8 59300  2383    57  3673   336  7716  1528 15683  3845
  2665 55042  7302  1392 58484 55253 59372   642 20859 39523  3739  1995
  4944 55845 13872   113  5425  3690  8365  1302    98  5206    25  5559
 24387  2872 17648 12112  1777  1495 52847 21184   138 15277  4182 17532
 21885  8841  1859  2315   527 99518  3484 11658   152  3558 73001   815
 11089 24188   424  5286  3475 29301 24533 53512  6215  3945 13240 10380
  4626  2670 46999  6715 44166    28   206 10578 10644    31   175 11137
  7669   288  2026  2296   177 10507  2773  8968  2227 53832  5731 21561
    96   241  4582   416  1006  1332  2668   659  5970 33648    40 42262
 25828 12832 55200   144  7447 31037 55741 53454 14823 14508 17942    79
  3215 32364  9291   389  3972  5367  4462  3064 54616   299 15424 12603
  2786  1458 13798 54291  9935   108  3107     8   134 30566 10417   414
   420 14922 39582   526  1834 16079 10729 39476  2152 11725 56073  8664
  9038  8529  3252 20098 94258 10942 34493  7855  5302 58503  2430 58881
 52082  6211 52687   444   653  5378 10726 15156  1011 51844 23815  3455
     8  3694  8419   398  2792   210   398   492]
Final median:  5645.0
