Loading pretrained embeddings from ../embeddings/GoogleWord2Vec.clean.normed.pkl
54722 embeddings loaded; each embedding is length 300
words done
Starting evaluation.
Step:  0
[ 8574 54216  1132 17187  1411 11654  1938 12398 55944  4062 54096 19759
  1103 18271  2869 58967 20355   265  3530  6463 35106  6510  9786  9101
  2786 56711  3658  8265 57228 53965 58650  1550  1505 42791  2316  8669
  4374 55789  2094  8226  6249  9688  4990  4524    79  7324  1374 41160
 99276  2186 11623 19071   583  7349 58308 16251  2686  1224 18819  8819
 27722  9473  5915  2424 12301  1884  3076 19180 27566  5931 73285   103
 16778  6974  4354  9639  7359 15740  5967 54323 11382  3930 43430 16429
   352 41949 49952 19323  1605 12245  3494  4206  5357  1892  2719 13956
 18623   371 28167 16122  1330 25915 11252  9848 14159 53271 21143 25620
   151   594 17310  3678 32030  1322  1020   727    77 45104   856 43282
 33911 26486 54156   675  6848  8114 54718 55297 34936  5400 32352  9716
  8770 29571 21340    77  2570  9637  2356 11724 53727   655 21632 26019
  1299   997  7728 56141 11831  2360   536  6344   676  9931 22047  8899
 16657 15042  8674  2219 12547 20407  1167 17378 12307 16988 54979 10747
 13874 20849 19357  7822 15937 21336 25787 24417 10701 53669 14329 54300
 55094  4954 54090  1077   679  3690 19055  6607   363 53303  6581  2426
  1173 12332 29115  9315  1979   487  2429  3937]
Final median:  9663.5
