Loading pretrained embeddings from ../embeddings/GoogleWord2Vec.clean.normed.pkl
54722 embeddings loaded; each embedding is length 300
words done
Starting evaluation.
Step:  0
[ 3045 53590    88 17469  5075 14851  1014    16 56233  4258 59116  1816
 13092  8340     7 58628  4813    64  4544   209  6900  1517 16879  3773
  3179 56310  6711  1832 54574 54970 58613   659 15937 40445  4891  2207
  3744 56612 11985    25  4643  3502  8093  1525   148  5360    30  6374
 19198  2889 18136  9449  1435   914 57522 24082    87 17438  5774 19294
 20487  9943  2453  5218  1387 99390  2696 11089   194  3476 73077   679
 11854 25249   375  5703  3518 31225 22516 55897  6707  3286  8890 11727
  5975  3035 47470  5842 93554    50   234  7984 10259    29   186 14204
  6019   327   907  3136   139  7304  2328  9561  2026 53485  5104 22549
    75   198  6585   402  1052  1961  7947   585  6431 34851    48 40448
 32372  7798 55063   201  7212 24009 59308 58339 14766 13871 16993    99
  2051 33058  7018   563  4008  4692 21664  2883 57975   303 15210 12498
  7218  1583 17805 52566  8900   122  2452     5   116 31278 10455   293
   576 13274 30901   690  1065 17211  6409 36337  2528 12008 55237  7791
  7100  7230  3534 21449 93111  7906 33198  5550  5651 58884  2814 58056
 53053  3328 54570   267   649  5747 12446 15545  1546 52009 22591  3292
     7  3165  9660   289  3070   151   388   480]
Final median:  6196.5
