Loading pretrained embeddings from ../embeddings/GoogleWord2Vec.clean.normed.pkl
54722 embeddings loaded; each embedding is length 300
words done
Starting evaluation.
Step:  0
[ 1490 54448   109 16349  1332 11775  1564    18 56241  4242 59412 11393
 26210 19454    10 58070  3081    53  2655   446  7064  1306 18195  3782
  4037 54446  6740  1640 55699 52438 53156   305 14998 37464  5600  2649
  4210 55041 15447   195  5287  3660  8556  1343   202  7261    22  9240
 35775  3211 16387 11021   522  1018 55625 20089  8094  6975  4568 17707
 25715  9165  3469  2771  7577 99382  1963 12095   366  3619 73157   583
 12887 25399   974  7100  4393 28827 13940 55011  5271  2709 26957 10482
  4677  2226 47339  6849 41678    50   204  5360  5681    25   123 15784
  7889    15  2657  2557   132  8119  3463  6793  2974 49026  8023 21391
   340   257  3923   439  3546  6670 12135   831  4462 36970    30 43407
 33338 22344 55411   151  7907 23846 55782 56109 14222 14577 17923  2021
  2071 32447  7257   360  4034  7911  2049  2500 54171   259 15201 14055
  3425  1546  7568 59274 12267   100 14918    16   106 29587 15447   153
   286 11429 26197   513  8839 11695  5319 37111  3085 11047 57805 10928
  5130 13737  3260 19892 93140 11566 35409  6020  6110 57383  2026 54767
 51436  4129 52561   401   766  7835  6175 18402  1334 51158 21722   919
     9  4778 12436  1335  3568   266   374   482]
Final median:  6821.0
