Loading pretrained embeddings from ../embeddings/GoogleWord2Vec.clean.normed.pkl
54722 embeddings loaded; each embedding is length 300
words done
Starting evaluation.
Step:  0
[  216 55162    46 11584  4227 13761  7216   183 55284  6006 55286 14088
 34952  3727    98 57912  5419    63  4176   668  8009  1733  6887  2883
  4014 53191  3047  1056 55461 57225 59063   385 21086 38303  3764  3154
  4370 55136  4447    72  4135  4424  5405  1877    73  7896    21 28101
 38725  1710  9627  5754  1384  1002 54478 20829   250  5091  3708 21526
 24929  7179  4761  3245  9096 11674  4173 20337  3528  4241 73052   323
 13081 45218   999  5694  3773 22448 15228 54621 10156  1977 31010 12625
  3500  9161 46252  8302 15197   105   630 25175  8886    39   307 17355
 11533   275  8277  1657   374 11283  3098  6146 11847 49528 18027 21128
   146   300  2751   754 10677   862    39  1310  1261 45784    37 43928
 33356 17246 53623    91  5587  5521 53105 55797 17891  5557 27590  2110
  2961 37233  6151   565   770  5489 15983  2439 53931   699  9951 15732
   909  1593  5465 58247 11855   305  1056   234   179 15898 26890  1723
  6270 17710 12214   974  8071 10510  1883 37257 11677 10414 54370  4072
 11795 17345  4063 11035 41452 13342 31582   964  5209 51918  3088 54707
 52586  4569 53516   978  1871  3518 15308 17648  1236 48412  5926  1323
    50  7792 11385   854  2965   512   551   498]
Final median:  5840.0
