Loading pretrained embeddings from ../embeddings/GoogleWord2Vec.clean.normed.pkl
54722 embeddings loaded; each embedding is length 300
words done
Starting evaluation.
Step:  0
[ 1498 53343   171 15092  2752  9860  4049    21 55510  4141 58497 11760
 43023  6662    20 57755  5200    56  3762   632  7982  1453  9351  4338
  2578 54233  6551   724 52290 56433 56328   460  9947 39038  8442  5484
  4166 55008  9835    20  8246  4739  6706  1856   179  7433    22 11915
 33542  2602 13273  6135  1566  1314 57340 24098   217  8140  2772 16634
 20734  8639  4007  1943  3171 43496  3942 18298   883  3440 73188   471
 11630 31251  1411  3987  4662 26143 21478 53251  8497  2877 25308 12127
  3505   740 42999  8534 31798    21   282 16325 11329    16   138 18102
  8817    10  1115   539   264 11375  2782  6336  6246 52558  7647 20895
   161   317  3015   529  2968   964   442   758  2942 40884    66 43041
 27494 13023 55443   148  8520 11628 51379 54344 13056  9999 17829    97
  2220 33969  7230   485  3825  6980 11623  2473 53787   332 10746 15742
  3093  1490  5778 48415 12003   129  6483     6   143 28400 16234   339
   488 13119 18517   280  1107 15500 17475 36666  4423 11859 57985  4276
  7877 15737  2228 15567 38929 15851 30622  5646  2029 56140  2937 55963
 51322  4210 53821   436  7904  7205 11014 13816  1103 50554 16627   789
    11  8668  7759   392  2595   233   338   550]
Final median:  6843.0
