Loading pretrained embeddings from ../embeddings/GoogleWord2Vec.clean.normed.pkl
54722 embeddings loaded; each embedding is length 300
words done
Starting evaluation.
Step:  0
[  303 53732   104  8093  2443 16959  1986   560 56249  5662 59816 18250
 17279 17790   125 58056  7741    73  8666   661  9695  1605  4904  3167
  5902 55275  3239  1066 54943 56832 59573   686  7511 39914  2767  2223
  4442 55806  1289   187  1691  4167  3548  1709    68  7299    35 34165
 42517  1517  9549 10281  1020   898 53254 13958   934  2902  5427 25597
 23553  3838  4161  3860  7775 14243  5009 19197  3635  3786 72969   323
 14697 35903  1388  7576  3575 23157 19557 54634 11235  1871 41615 13679
  5992 26630 46557  7605 13383   225   666 30775 10406    19   521 16136
 12033   182 18973  3642   494 13478  3289  7458 13798 34118 16331 20265
   108   217  3942  1063 13355   766    10  1900   228 43465    72 45832
 29179 23058 54423   110 11505  4281 55111 55812 21681  8850 27691  5862
  7590 36498  7647   100   835  7073  3775  2066 53633   945 10739 16891
  2437  1364  5481 59704 12179   472  1473   293   163 14445 26596  2194
 10602 20866 12728   769  8869  4392  1363 38922 14406 10456 54655  6463
 13766 22108 10707 10216 36760 12488 30552  2892  4861 50504  3939 53926
 52572  3860 53727   891   697  1453 13962  8322  3031 48951  8969  1312
    42  6267  9638   615  3316   692  1378   487]
Final median:  7484.5
