Loading pretrained embeddings from ../embeddings/GoogleWord2Vec.clean.normed.pkl
54722 embeddings loaded; each embedding is length 300
words done
Starting evaluation.
Step:  0
[  636 54421    76 12230  3883 13672  6999    59 53748  3805 54678  8343
 45780  5324    66 58760  5107    61  5021  1050  7801  1848  4068  4359
  4434 55225  3867   910 54885 56051 54530   568 21041 40619  7722  2948
  4333 55400  6682    29  3019  4444  6908  2102   115  8524    19 19054
 39331  1191 10898  5143  1863   511 57472 22130   107  9290  2119 17195
 22377 11043  4870   810  4533 23216  7677 20949  1720  3746 73216   406
 13026 40662   927  7910  4298 21228 27019 54648 10058  2021 18005 12185
  3486  6344 43932 11699 17103    71   524 27184 10959    41   314 15792
 10566   167  2366  1133   392 13690  2919  6200  9829 46925 13470 22760
   117   302  3067   720  4939  1060    35  1241   983 43268    38 42793
 26314 14961 55463   122  7373 17588 54019 54718 13404  5986 23135   420
 14753 31562  6222   462  1587  5128 16195  2093 54970   538  7148 20157
  4201  1712  5426 56448 10662   298  1450    28   176 22428 18721  1339
  2028 16123 14893  1098  3526 21388 11261 39951  7263 11073 54911   958
 10017 18507  2550 10206 44775 16379 32743  1878  2889 56986  3572 55786
 52447  4757 53482   835  2780  5468 13371 16896  1465 47968  7697  1485
    36  5733  9841   984  2226   468   412   541]
Final median:  6283.0
