Loading pretrained embeddings from ../embeddings/GoogleWord2Vec.clean.normed.pkl
54722 embeddings loaded; each embedding is length 300
words done
Starting evaluation.
Step:  0
[  282 52783   122 10914  2093 21042  1276   538 54748  6122 54692 22192
  6174 19117   268 58504  8522    67  8900  1361 10344  1644  5631  5198
  7234 53730  3378  1389 59237 58370 60110   831  4785 41487  2068  1773
  4402 55216  2533   293  1961  4354  3989  1659    55  7717    38 35890
 44250  1412  9015 11401   916  1407 57595 17688  1831  2289  6330 27907
 21218  2343  4695  4750  5812 13717  6551 16345  6983  4632 73095   398
 15601 33109  1376  8077  4109 23401 17379 53397  8971  2129 44956 14232
  4118 31311 47813  7678  8547   332   702 31581  8931    30   579 16042
 12192   177 21360  3369   442 11954  4522  9041 13364 37111 17209 20162
    92   261  4145   971 18979   790    14  2395   576 39595   108 46614
 26397 18372 57673   167 19735  3872 53180 56367 25338  7983 25955  4528
 12863 32296  8430    99  1096  8764  4429  2821 56475  1073 11202 16954
  2940  1359  5472 55778 12019   634  1003   136   165 13386 27982  2058
 11096 18975 14075   501  8066  4866  1545 43505 13534 11393 53884  6172
 12298 27319 15056  9185 32394 14538 30500  1148  4123 53065  4298 58277
 53744  5046 52132   971   384  1535 13457  5860  2793 50650 11029  1697
    44  4256  7862   998  3838   771  1231   475]
Final median:  7108.5
