Loading pretrained embeddings from ../embeddings/GoogleWord2Vec.clean.normed.pkl
54722 embeddings loaded; each embedding is length 300
words done
Starting evaluation.
Step:  0
[13569 52680  5529 23027  5864 10244   344 33827 56301  4218 55418 20834
   881 19386  7598 57425 23458   814  4200 18725 23480 12692  9788 15979
   976 59024  6463  2684 57508 53874 55031  3783  2120 44822  4613 15915
  5052 56399 10236 23304 11293 18244  9244  6689   282  6845  1899 43163
 99837  3369 15722 22348  1066 14415 57069 12697  8415  1231 28988 20137
 31777 16397 12496  3238 24365  5274  5004 25643 35059 20832 73269   739
 16750  4390  5378 10142 12108 22228  6681 55124 16052 12713 38807 12955
  1720 48652 53173 30046  1849 26957  3704  5270  8653  8128 17119 15699
 22587   213 43329 28521  2291 28786 19120 14766 21391 56774 25766 29722
   418  1344 22401  7209 28946  5377  8977  2805   121 43757  1751 47921
 31709 28268 54341   677  8901 10707 54595 59612 41193  9754 32920 13015
  9594 27710 34413   464  3745 18967  2936 14656 55055  1352 25369 26506
  2133  1396 10928 54440 12303 10046  1776  8024  9073  7193 25779 15452
 36242 12987 13239  4000 12313 28614  1412 17768 15829 15925 56694 12922
 18477 17209 34558 16543 13643 25838 27978 31106 20609 52985 17712 55266
 55582  4919 55305  1070  1802  4245 19369 14717   610 52466  6052  4090
  7222 14336 32049 14685  3477  2794  7851 10958]
Final median:  14670.5
