Loading pretrained embeddings from ../embeddings/GoogleWord2Vec.clean.normed.pkl
54722 embeddings loaded; each embedding is length 300
words done
Starting evaluation.
Step:  0
[ 2701 55091   100 16689  4072 14823   111    20 57669  3904 56541  2708
 20972 17143     8 57595   810    51  4163   308  6219   865 19529  3711
  2440 52867  7568  2110 55025 55582 58493   522  7731 35587  2215  3643
  3755 54222 14832    76  8076  2795  6827   965   140  4240    27  2598
 18969  3129 16575 18097  1336  1136 52601 25288   524 18620  7780 19217
 21265  6274  3346  3896  3865 99757   946 12271   220  3240 72721   391
 13059 27772   571  4222  5232 17493 28180 53937  5008  2116 22913 10009
  4512  3987 49139  4973 92609    29   203  5601  6363    20   130 14599
  8585    79  1583  2396    74  6258  3038  9190  2310 42743  6477 23322
    84   235  7367   377  2145 12617  2093   382 17717 33851    36 41090
 35216 19484 54825   143  7154 49733 56002 54626 16165 12881 18036  1761
  3213 34732  4623   923  4145  4049  7161  2699 55047   274 16166 10696
  8675  1744 12357 53712 10056   102  7707    32   130 30761 13972   113
   409 14661 30290   298  9736  9828  2822 39247  4294 11031 56452  9163
  6215  7212  2978 19385 92969  5062 35957  5493  7767 58505  2070 54303
 52010  3010 53967   127   851  7028  9562 15662  1492 52548 23899  2926
     7  3562 10871  5903  2431   199   548   441]
Final median:  6238.5
