Loading pretrained embeddings from ../embeddings/GoogleWord2Vec.clean.normed.pkl
54722 embeddings loaded; each embedding is length 300
words done
Starting evaluation.
Step:  0
[ 5725 53453   600 18061  1193 14257  7372  6202 55548  4265 54545 20508
  1309 19129  2281 59559 17958   188  5532  4232 35103  4150  9991  8183
  6454 59055  2570  9534 56767 54352 59428  1414  2276 44072  1462  5086
  4300 55515  2651  4296  5037  7909  4748  3048   100  7740   788 36709
 99394  1863  8015 17281   700  6146 58284 19004  2295  1275 15005  8983
 25271  7101  4852  2134  9503   568  2425 14384 23171  4734 73285   104
 17714  7361  3975  8512  6614 17728  6001 54684 11985  3103 45708 16314
   348 42287 49723 15350  2171 11598  2936  3495  4491   580  1065 13557
 17709   485 23363 12256  1061 22202  9760  7538  8738 50292 20903 23542
   123   449 14228  2700 34780  1007   167   656   291 41693   524 41903
 33499 19532 54862   568  8074  7654 54603 54045 33661  4178 30352  9179
 12818 27147 17674    50  2274  6508  2870 11104 53627   708 20862 23837
  1740   874  6996 59007 11869  1284   442  3148   382 10337 23295  7438
 13429 12402 10317  1679 12770 12261  1315 20998 10323 16537 54704 10718
 12447 18468 14662  7028 23026 21034 24871 21131  8567 53537 13011 54726
 55111  6243 55281  1391   942  3832 13366  5422  1149 53178  7031  2496
   593  8669 20735  4960  1812   403  1846  2590]
Final median:  8539.5
