Loading pretrained embeddings from ../embeddings/GoogleWord2Vec.clean.normed.pkl
54722 embeddings loaded; each embedding is length 300
words done
Starting evaluation.
Step:  0
[12986 54466  1819 18736  2615 10968   581 23857 55802  3709 57068 17250
   899 16923  4707 53935 21219   367  2164 11302 28310  9135  8545 11376
  1344 60220  4435  4745 57462 54032 60275  2187  1961 42935  2906 12367
  4582 55147  5552 14303  9517 12473  6316  6191    80  6733  2295 42576
 99713  2642 13092 20673   834 10017 58360 13460  4851  1138 23613 12184
 30038 11962  8024  2642 15144  4000  4109 22414 32595 10003 73271   175
 15349  5789  5053  9810  9264 18955  6940 55959 11668  7632 39780 15720
   470 43733 52657 25993  1445 15917  3300  5060  6825  4652  7301 14964
 20240   289 35207 23385  1543 26927 13038 12208 19684 56301 23447 27355
   174   879 20297  6328 29016  2922  4420  1356    82 46661  1484 45685
 30899 26971 56127   678  7148  8730 55773 54476 37999  8414 35621 11737
  7761 30377 26506   205  2760 14823  2042 12420 56085   818 22789 28054
  1462  1137  9307 54980 12297  4234  1219  8049  1328  9107 22485 10096
 25622 14618  8242  3148 12008 27533  1129 18180 14357 15642 54815 11401
 15238 18745 21994 11242 13592 23700 28296 27740 15720 57285 15330 56322
 53919  3923 54218  1016  1007  3657 21275  9111   307 53037  6718  2947
  3407 13324 34613 13532  2984  1355  4028  5529]
Final median:  11985.0
