Loading pretrained embeddings from ../embeddings/GoogleWord2Vec.clean.normed.pkl
54722 embeddings loaded; each embedding is length 300
words done
Starting evaluation.
Step:  0
[  246 53804   107 10737  2282 20455  3840   592 56251  5593 57327 20087
 11918 16389   214 58212  9135    64 10298   996 10011  1666  2917  3495
  6975 55392  3328  1163 55722 53279 57088   659  2938 41390  2057  1873
  4427 54696   130   279  1495  4624  3882  1753    57  7452    52 36077
 43608  1145  8961 11344  1010  1101 58759 17593  2808  3153  5294 27861
 22520  3440  5132  4265  7530 13874  5025 16115  4073  4511 73036   302
 16035 37220  1458  7983  3927 23210 16535 55547  9972  2018 42907 14291
  4053 29788 46765  8184 11180   263   706 32582  9048    22   548 16609
 12503   177 20027  2881   414 13379  4201  8057 13939 34797 16278 20470
   105   210  4249  1427 16154   804    11  2065   687 42418    90 45390
 28993 20460 53691   136 16687  3882 54628 57933 24611 10014 26791  5427
 11780 34359  9288   125  1026  8336  3533  2388 56311  1072 10396 16794
  3088  1215  5360 55775 12233   555   854   190   168 13908 25750  2418
 11157 18550 14357   491  8735  4505  1492 41469 13369 11202 55530  4397
 12887 23529 15345  9352 32583 13786 29980  2512  4717 47080  4008 55597
 52312  4196 53679   770   547  1088 14916  7532  2828 49351  9423  1379
    44  5292  8428   755  3585   692  1348   490]
Final median:  7531.0
