Loading pretrained embeddings from ../embeddings/GoogleWord2Vec.clean.normed.pkl
54722 embeddings loaded; each embedding is length 300
words done
Starting evaluation.
Step:  0
[  162 54598    33 10353  3322 13215  4363   249 53764  6156 54768 16930
 26927 11742    87 58476  5398    61  4711   645  7752  1749  5668  3048
  5317 59461  2900   981 55166 54541 55628   464 15555 39877  3571  2505
  4418 57882  4145   105  3048  5134  4578  1826    82  7749    25 31582
 41533  1970  7118  6969  1541   761 58521 14647   341  4588  4897 23832
 23659  4799  4412  3460  9946 12981  5297 20083  4853  4166 73061   259
 13907 45147  1438  6224  3268 22957 17577 53927 11194  2159 34614 12881
  4775 14413 46828  8289 14618   139   591 29372  9370    26   328 16092
 12803   225 14720  1549   475 12627  2960  6858 12842 39892 16690 20179
   124   289  3234   975  9993   779    23  1503   339 44924    53 44740
 30419 18779 59255    98  6201  4983 53673 55388 18447  6659 27449  3807
  3303 39451  4938   365   970  7005  5619  2246 55676   751 10501 18065
  1573  1510  5436 59574 12242   332  1128   170   173 15505 28198  1608
  8117 18837 11495   902  8713  5183  1368 35921 12272  9928 53668  3592
 13134 20416  6252 13164 39378 13049 31662  1919  5220 56170  3596 55754
 54150  4461 51862   936  1754  2561 13918 11935  1402 50033  5771  1453
    41  6062 10416   695  2833   706   596   502]
Final median:  5916.5
