Loading pretrained embeddings from ../embeddings/GoogleWord2Vec.clean.normed.pkl
54722 embeddings loaded; each embedding is length 300
words done
Starting evaluation.
Step:  0
[ 3311 55812    66 19391  3084 16656   487    21 56229  4316 58465  1309
 18705 11888     6 56682   779    49  4716   245  6564  1170 17693  3314
  2392 53155  6602  2025 54272 52783 56009   517  7338 37033  2792  3541
  3921 55846 17421    98  4520  3361  7470  1085    81  5429    33  3743
 19714  3035 17100 10245  1009   598 57857 26526   402 16496  4598 18995
 19145  7236  3160  5240  2951 99732  3244 11368   235  3620 73008   727
 15584 32519   732  5832  4329 28554 22966 53844  6111  3247  8554 11730
  2937  4405 48152  5657 94158    87   187  9438  8817    12   183 16637
  7487   247  1488  4601    87  6608  3315  8811  1144 47321  6931 23022
    87   221  6283   498  2510  7083  8424   356 10472 31052    32 40105
 26696 16446 56019   159  7253 39940 55126 55349 15895 13533 19094  1010
  2108 34125  1938   744  4088  4693 27814  3061 54603   294 14983 13202
 10082  1670 15383 52132  8725   110  4472    10   127 31964 12085   143
  1112 13723 32526   674  4926 14479  6675 41565  2716 10475 53539  9855
  7559  7753  3647 16383 92863  7354 37293  6124  6025 55445  2419 58257
 53353  3025 54041   112   773  5048  8244 15549  1687 52239 22494  2678
     7  3617 11308   383  2278   185   430   426]
Final median:  6203.5
