Loading pretrained embeddings from ../embeddings/GoogleWord2Vec.clean.normed.pkl
54722 embeddings loaded; each embedding is length 300
words done
Starting evaluation.
Step:  0
[  279 53394    49 12707  4393 14354  6496    90 53722  4527 59095 13871
 39761  7877    89 56274  4817    56  3732   831  7758  1594  6220  3217
  4022 55051  4022   908 58831 55982 54335   342 23617 39840  4919  2838
  4415 55810  6094    64  3756  3766  6277  1960    71  8191    21 26698
 38987  1806 11502  4548  1505   819 53910 20112   134  5740  2832 19834
 23565 10593  4801  2408  7261 14091  4076 20398  2972  3538 73122   432
 11935 41962   498  7219  3406 21658 14938 54660 11782  1693 28349 11691
  4277  6577 46070  8821 16829    79   585 25086  9583    27   307 16272
 12605   129  5324  2189   412 11280  2915  5989 11473 49762 19639 21033
   160   283  2734   598  9855  1153    33  1357  1300 45924    50 44217
 31515 13852 55985    96  5969  3825 53423 55825 14889  5201 26646   885
  4319 35253  6089   291   898  5125 12228  2240 58394   590 10380 17664
  1654  1600  5673 55031 11681   323  2473   704   156 19254 23837  1979
  5722 15911 12087  1283  8063 15653  3498 37912  8221 10294 54220  2866
 12095 20076  3035 12975 43648 14074 31644  1412  4346 57220  3063 59933
 51707  3815 53887   865  3080  4270 13565 18514  1236 47920  7292  1263
    41  8165 10407   908  2895   444   613   516]
Final median:  6039.0
