Loading pretrained embeddings from ../embeddings/GoogleWord2Vec.clean.normed.pkl
54722 embeddings loaded; each embedding is length 300
words done
Starting evaluation.
Step:  0
[  401 53331   446 15035  1478 17443   575   796 55929  5786 59084 23124
  1959 21846  1233 58062  6099    85  7233  3839 15392  1368  6970  5046
 10608 58910  1877  1898 59202 59041 54539   951  8493 43686  1585  1537
  4505 53990   186  1060  3490  5107  4143  1482    71  7087   158 24854
 49989  1326  8743 15502   473  3499 53652 17333  3913  1807  8344 19841
 20531  1427  5199  4489  8479  7321  5120 18203 11097  5915 73268    79
 15433 30450  3699  8880  5495 25372  8369 55970  7264  2545 49225 17413
  2630 29872 49541  9499  3560  2420  1163 34330  6161    56   487 15479
 11535    70 20319  3077   574 10469  6307  9977 11249 42995 22914 20994
    88   273  6443  1853 32409   784    18  1633   304 37468   195 46386
 22138 20039 55720   234 25976  7024 54070 54663 32589  4803 25304  4815
  7034 26074 11808    33  1517  8902  8953  7392 56439   903 13111 16559
  1274  1560  6199 55085 12059   720   774   139   167 13221 27989  2041
 12892 14148 14575   995 10231  5694  1203 36406 14277 12309 54559  9956
 10606 31639 21979  9283 35260 13510 26099  6154  5025 57872  3925 55688
 54222  5770 55282   939   827  2444 11829  4723  5980 51492 11737  2166
   156  5686 14422  2087  3539   680  1189   693]
Final median:  7248.5
