Loading pretrained embeddings from ../embeddings/GoogleWord2Vec.clean.normed.pkl
54722 embeddings loaded; each embedding is length 300
words done
Starting evaluation.
Step:  0
[ 3230 54758   764 18784  1145 16539 15389  3348 54654  4435 57926 19362
  1209 18718  2057 58109 15091   143  6762  4186 28902  3363  9009  7302
  8629 54987  1795  9378 58922 59005 55856  1256  6072 44619  1175  3271
  4375 53965  3282  3055  2194  6404  3677  2624   100  7793   275 32130
 99317  1711  5792 15983   812  5771 59863 19673  1598  1313 11904 10653
 22059  4999  3812  1961  8915   504  2498 11760 19199  5105 73293   105
 16862  8695  3529  8423  4741 20567  6375 54168 10492  3111 47843 17244
   311 41376 50697 13037  2025 10259  2950  8947  4556   281   648 13718
 15677   479 22714  9011   961 17481  8373  7303  7424 44635 20398 22791
   104   378 11919  2162 36547   970    45   771   852 42100   481 42722
 28600 15528 54748   476 11756  8156 55011 54680 34096  3882 28928  8961
 16545 26990 16448    42  2171  6382  4242 10748 54518   816 20751 20912
  1512   890  7019 59524 11808  1044   554   637   304 11241 27131  6374
 13419 10789 14086  1608 11930  8869  1331 27388  8942 15410 53132 12264
 10836 18565 13275  8012 30550 21128 23314 18441  7419 56769 10993 55603
 55183  6361 54064  1085  1089  4420  9080  5199  2125 52570  8273  2631
   486  7632 15910  2403  2361   412  1801  1255]
Final median:  8662.0
