Loading pretrained embeddings from ../embeddings/GoogleWord2Vec.clean.normed.pkl
54722 embeddings loaded; each embedding is length 300
words done
Starting evaluation.
Step:  0
[ 1761 53836   901 30348  1250 12578  1751  4122 55072  7168 55644 14461
  2252 17507  3844 57530 19584   156  5211  4602 11787  1122  4964  3204
  5802 53248  6036  2155 54708 58385 59099   409   257 42632  1478  2837
  3625 58234   156  2696 10335  6672  2700  3445   313  6428   520 14813
 30163  1203 11258 24775   128  7791 57566 16934  7649  2524  9798 22955
 29786  5941 13132  2453  8029   270  1682 11233  2439  4083 73301   191
 12638 49133 11724 12247  4352 17222  6899 54876 13060  1934 49034 23756
  2151 14607 48786 13928  2410  2607  1416  3067  1934   219   447  8457
 16808    54 11335  8421   494 11904 10561  8686  7674 50802 43948 25609
    85   326  7273   961 42566  2409   198  1998  1017 43730   366 41852
 38423 29251 54204   212  5505  7546 58057 54633 28468 19536 20676  1175
  2033 28083 23621    18  1121  9613  4443 12492 53287   467 11524 27352
  2977  1386 10479 58449 11378   332   150   511    53  5013 19320  4572
 17993 10784 14989   964  5523  8816   888 19809  7280 15886 59320  3140
  5854 11978 10606  2639 40877  6288 14241  1757 12121 52460  7275 54182
 52826  2872 53020   121   481  2660  4578 10289  2657 48692 15249  2109
   807  5721 15371  5026  1454   433  2157   474]
Final median:  7274.0
