Loading pretrained embeddings from ../embeddings/GoogleWord2Vec.clean.normed.pkl
54722 embeddings loaded; each embedding is length 300
words done
Starting evaluation.
Step:  0
[12977 53387  1813  2769  6241 18749    79    88 54997  3060 59267  6309
  2043 31619  4283 53235  8843    41  6860   595 17454   263 14409 23480
  2109 59441  6337 12292 58687 54167 56474   761 40654 45964  1983  1243
  4235 55549     8    31   342  6632  2088  1065     7 14268    15  3969
 46949  2723 34360  1393    80   959 53264 25878    18  4012  1360 26867
 13081  3302  4355   277   421 12350  4098   215    71  2636 73104     8
 13091 33021  5620 10731  5268 16205  4527 54614 12035  1014 36090 14997
 23352  2229 46827   570  5814  4385   149  1392  2714    63   128 18786
  3442   144    28   241  5066  2326  7899  4548    40 52259  1624 19874
    81   121 16766  4469 52217   672  6163  2414  6415 36987    29 44042
  3889 15784 58774  6660 11628 22464 53768 54019 22546 18965 14802     5
  3135 36140 21127    54   943  8276 18578  6406 54612  1543 17565 14949
 24501   981  5525 53941  7411    73    44    14   300 22065 27228  3416
 11811 15975  1897  2423     2 14953 14727 24463  2655  7637 52280    56
  8493 39314  1864  8842 25247 13334  8373    67  1054 53192  3820 55568
 53025   914 54590   169  2826  9559  9613  8116    78 38767  8375  2594
    55  1783  1749   329  1342   385   998   683]
Final median:  5572.5
