Loading pretrained embeddings from ../embeddings/GoogleWord2Vec.clean.normed.pkl
54722 embeddings loaded; each embedding is length 300
words done
Starting evaluation.
Step:  0
[ 3168 52948   918 34575  1086 12703  2471  8033 54999  7132 55791 16306
  2043 17901  4609 58041 22260   162  3418  4864 15661  1551  4784  3585
  6819 57553  5756  2626 54898 53603 59343   810   338 45504  1725  4165
  3527 54669   298  3685  9843  7698  3440  4290   258  5854   881 19131
 29651  1003 13777 25554   128  9954 56328 18488  7933  2698 11765 21240
 30713  7173 11949  2754  9446   161  1638 13428  3237  4511 73303   227
 14676 47762 12660 13110  5609 16454  5153 54194 12954  2441 48992 23898
  1454 22072 50527 13015  2154  4184  2331  3417  3263   501   511  8460
 18330    57 13541 12128   629 15394 12739  8193  9349 52521 45592 27267
   103   386  7655  1706 42786  1955   217  2177  1078 45562   442 40325
 37498 31311 55173   223  5494  6403 53928 55046 26869 16879 21246  2274
  3274 27325 25020    20  1586 11614  6114 12101 54474   493 12192 33594
  3317  1679 11188 55017 11876   456   177  1030   106  4467 22992  4675
 24072 11856 16778   838  6948 10227   931 18836  8400 16945 54408  5196
  6194 12763 13658  4121 31920  7086 17088  3740 12796 54682  9114 53979
 54868  2888 53901   123   495  2937  4348  8376  1969 50275 14018  2405
  1066  8240 18560  5669  1594   488  2582   807]
Final median:  7983.0
