Loading pretrained embeddings from ../embeddings/GoogleWord2Vec.clean.normed.pkl
54722 embeddings loaded; each embedding is length 300
words done
Starting evaluation.
Step:  0
[15278 55437  1913 17324  2318 13376   130 16818 54373  7255 58769 10007
   708 14185  5703 53868 14804    76  4875  9010 23530  4782  7104 16938
  1293 56692  4071  3102 54519 54303 56174  1062  3389 46727  3105  5934
  3525 55814  1156  5193  3195  8019  5406  3691   126 12590   163 25501
 99691  2168 10451 12068   664 14157 57502 15572  6786  1029 15327 15199
 28270 14281  9060   963  6180  5793  3447  9737 13942  4477 73293   360
 24319  6836  5903  8988  9900 18046  5204 53832 12179  7465 35360 12551
  1542 48446 52111 25538  2552 11018  2555  2941  7047  3370   954 17764
 10641   155  9626 31988   989 36997  8960  7259 11114 54921 13675 22922
    92  1128 21100  5205 35231  1648  6568  2311    66 33253   427 48532
 26847 24539 58287  1081  5554  7565 54322 55419 31685  2165 36977  5678
  9048 23612 17152    25  2493 18245  2885 15719 55735   392 14159 25124
  2346  1528  8499 55663  9142  3247   117  5585   750  9582 17578  3956
 24348 17134 14788  1739  9550 17732  1059 20169 10847 12792 56088  4213
 18632 15013  9501  8070 11425 28856 16454 13361  9085 59037 13504 58181
 55585  1922 53737   983  1028  2803  7312 10271   135 48035  4761  3711
   565  5245 16724 10181  2323   350  4511  2707]
Final median:  9321.5
