Loading pretrained embeddings from ../embeddings/GoogleWord2Vec.clean.normed.pkl
54722 embeddings loaded; each embedding is length 300
words done
Starting evaluation.
Step:  0
[15545 54634  8899 18611  3858 12773   357 42640 54051 10364 55263 30851
   695 24416 11221 53950 17681  1926  7943 26327 28404  5914  8469 30081
  1177 59007  3164  3200 57540 53923 59091  3730  3155 43221  3440 10674
  5694 56196  2894 21640  7612 12894  6524  4812   841 12334  3882 43387
 99997  3892 14162 16479   870 12599 54835 13365  5829  1063 32995 22176
 31916 22906 16414  8106 17112  9882  5089 27822 35991 14404 73307  1378
 22245  8038  8056  8414  9643 25354  5033 54149 16624 18009 36474 11863
  4069 50430 53020 38884  4074 32183  3277  8027 16769  7964 22556 15354
 21268   653 44570 37495   936 30123 17790 11198 23883 57450 20426 26153
   168  2684 28558  7904 43357  4971 15643  2745   155 34890  1178 45540
 31201 30261 55124  2135 13365  9748 56210 56407 42981  7690 33545 14219
 15265 25947 32558   519  3673 19025  3103 20708 56117   712 23030 35487
  4894  2459 11080 55842 11194  6510  1604 12776  4121  5816 23118  9193
 34418 10770 24623  4006 13853 22464  1316 23664 10905 17499 55494  9482
 21355 11285 36549 19421 13742 32760 21796 22185 24318 56029 16606 56820
 53831  5218 55519  5088  1508  7878  8087 15395  1210 51530  5475  3219
  4900 10125 39895 13517  6533  5379 12169  9310]
Final median:  14190.5
