Loading pretrained embeddings from ../embeddings/GoogleWord2Vec.clean.normed.pkl
54722 embeddings loaded; each embedding is length 300
words done
Starting evaluation.
Step:  0
[16349 54289  7379  1324  4902 27180   109    39 56670  1623 59205  5307
  1941 36256  2735 48079   633    43  4363   583  6513   120 16594 21150
  2717 56482  2400  6499 56143 59692 58747   841   924 43939  2806  2540
  3613 58080    10     7   436  7369  3168   899    18 13846   654   266
 42320  2759 35798   443    19  1140 58070 24027    26  4973  1366 32063
 10598  5869  5617     6    61 19524  4875    90    39  3781 73119     7
 12839 33398  5173 15117  5247 19227  2845 55935 13812  1095 37211 12628
 24442  4392 43916  1547  4347   912   107  1536   563    97    70 18023
  1524   114    27    58  8410  1957  8809  4695    49 53131  4786 19908
    59   116 16132 11402 52786   685   329  4439 12633 40409    80 44394
  5344 13511 55609 12013  9905 29241 55684 54698 20112 28992 10031     3
  9461 32772 40266   468   788  6498 21235  6689 55392  1341 26476  8646
 24134   951  5612 54590  8537    57    59    18   299 25513 22870  6215
  9858 16524  1533  2132     3 16901 13826 25291  8389  6363 45436    56
  9422 28990  1546  8600 44185 13843 19006   183  1168 57041  5620 56094
 51574  1181 54285   267  2957 15774  3582  5014   143 35245 14820  2406
    58  1783   999   398  1645   641   516   584]
Final median:  5325.5
