Loading pretrained embeddings from ../embeddings/GoogleWord2Vec.clean.normed.pkl
54722 embeddings loaded; each embedding is length 300
words done
Starting evaluation.
Step:  0
[10596 53241   155 12346  3076 16067   253   684 55310  3937 56343 10553
  1875 20302  1994 59279  3797    52  5706  1961 16783  1209  7953 21939
  5227 55896  5469  8473 55858 53729 59103   862  2187 44552  3447  3934
  1870 54153     5   131   683  3791  1485  1389    16 11290   242  5894
 36261  1656 20214  3867   270  2632 59357 27370   651  2528   919 27746
 22119  7752  4974  1171  1892  9068  4452   204    81  2416 73166    15
 17693 14837  3591  8825  8928 21568  6155 55736 10385  1202 37931 18141
  5169 22490 50673  1922  2708  5601   451  2563  7716    88   215 16974
  5988    65    23  6669  2191  7033  6247  4823   700 54499  6498 16551
   187   633 15878  2499 48572  1473  7455   341  3206 28575    57 45455
  9566 14683 53978  1663  6930 28779 56027 56344 23958  6543 27049    32
  2997 39878  8475    40   953  6861 11014 13775 54316   966 15631 16725
  2722  1209  5545 55037  6682   110    39    54   320 35642 18123  2184
 14035 16299  9957  1313    22 10157  4473 27445  4477 10965 53074   252
  9891 15596  2459  9680 19405 19592 10967   115  2129 53869  5462 55602
 53148  2066 54880   332  1929  1838  4150 18206  1688 46701  5829  2265
    53  1392  5772   809   951   458  3408   899]
Final median:  5653.5
