Loading pretrained embeddings from ../embeddings/GoogleWord2Vec.clean.normed.pkl
54722 embeddings loaded; each embedding is length 300
words done
Starting evaluation.
Step:  0
[12327 54613   668 19767  1484 16480   204  7952 55334  4816 59759 10413
   983 15290  2278 59544  6842    60  6138  6043 14351  1940  8021 18558
  2126 58615  2352  3961 56193 54117 60033   648  1315 43741  3977  6979
  2382 58020    10  1762  1332  3105  4533  1782    68  9399    78 12170
 44875  1517 11016  9903   571 13406 54433 27340  5001  1042  4891 20208
 28267 10651  8686   849  3985  5850  4283   649  3390  3276 73298    49
 21355  3610  4321 11336 14257 18095  5397 53481 10119  3085 39651 16853
  1110 33071 51396 11685  1380  5472  1382  1596 10822   445   598 16027
  8204   110  7254 19468  1334 31599  6510  4328  3420 55970 11941 22164
   129   685 12332  5858 40374  1232  4301  2217   156 30344   179 46341
 23984 22553 54852  1114  5472 16242 54279 54005 27575  1462 33157  3952
 16441 32592 12998    14  1029 16400  3046 12509 55665   494 15329 21634
   888  1108  7687 55816 10164   442    78  2603   352 31631 20177  4490
 20124 18668 15753  1136  4315 17319   890 19937  7562  7173 58019   771
 10473 23381  8606  7174 10712 25280 16645   841  5042 54074 13049 55222
 55608  2656 55139  1003   561  1802  4136 10259   111 48044  6551  3224
    74  2656 11308  5067   979   550  2272  1292]
Final median:  7076.0
