Loading pretrained embeddings from ../embeddings/GoogleWord2Vec.clean.normed.pkl
54722 embeddings loaded; each embedding is length 300
words done
Starting evaluation.
Step:  0
[12986 54125   359   392  5147 23783  6026    29 54674  2259 58148  3688
  2495 17634  4537 44753    80    57  8859   469  5688    72 12915 13478
  6282 53479  1551  9076 58464 56300 55301   619 94655 41828  2217  3514
  6523 55520    29    26   188  7075  3153  1009    77 17024  4792     9
 30508  2372 35392    43   360   273 52857 22737    66  5975   292 47271
  7563 21384  5417    12    14 16671  7055  1351    13  4916 72657    69
 12122 32452   160 16957  5633 27537  9635 52152 13651  3320 24827 15723
 17842  8698 32950  2076  4983  1669   119  5319  2142   121    42 23555
   931   745    33    43  1568  1161 12751  4861    47 53848   128 24209
    75    75 14428 14346 52579   620    51  3555 20610 29766    42 42402
   952 19969 54029 29894  9116 12894 53007 53851 18124 37758  8475     0
  1379 27799 23752  2503   729  3740 30594  4452 51805  2220 22511  5884
  8360  1006  5754 48470  4478    44    42    13   177 32976 27964  2433
  4160 13402  2574  2443   503 21697 31097 30593 11698  6437 43435    39
  8396 33231  1244 21181 40961  7782 31091    23   416 54518 11787 54507
 51472  1235 53574   294  4755 15762    80  3309   216 39240 15419  4277
    38   720   318   900  2097  1439  1069   577]
Final median:  5525.0
