Loading pretrained embeddings from ../embeddings/GoogleWord2Vec.clean.normed.pkl
54722 embeddings loaded; each embedding is length 300
words done
Starting evaluation.
Step:  0
[13572 53317  5296  4183  3572 16826   230   270 55348  3677 55692  1983
  1944 31118  2928 57461  1432    45  7084   909 16951   465 10913 29165
  2684 59879  3740  6311 55310 58710 54677   911  5373 45169  3369  3189
  1755 54739     5    51   451  4013  1745  1206     7 11910   199  8005
 42081  2119 30358  3209    42  1172 55873 29221    80  3935  1727 26050
 18675  5876  5147  1009   699 12234  2870   103    40  2277 73167    11
 16733 29083  4948 10829  9260 18053  7869 53935 11772  1514 36817 18601
 11972  5706 49346   937  6126  3042   245   939  2460    77   137 16019
  3518    52     9  2704  4308  1530  7160  5025   268 49002  2737 16865
   132   461 18446  2699 49456   813  7854  2423  9885 28709    36 44653
  6988 16353 55120  3920  9291 28910 54942 55184 23489 17052 20217     7
  2866 36273 20246    76   990  5597 19093 12792 55762  1269 18436 15537
 10059  1088  5533 53318  7280    97    32    20   302 31161 22130  2390
 16538 17231  3681  2091     4 10434  7551 23404  3697  9630 46879   280
  9675 26485  2296  9048 24577 17679  8017    64  1554 55617  5238 55598
 53656  1280 54634   193  5448  5833  2404 12516   894 39194  8878  2995
    53  1917  3519   437  1215   354  1167   747]
Final median:  5334.5
